<html>
<head><meta charset="utf-8" /></head>
<body>
    <div>                        <script type="text/javascript">window.PlotlyConfig = {MathJaxConfig: 'local'};</script>
        <script charset="utf-8" src="https://cdn.plot.ly/plotly-2.35.2.min.js"></script>                <div id="0862bb31-ba74-49ae-813f-31d2c16f1b4f" class="plotly-graph-div" style="height:760px; width:950px;"></div>            <script type="text/javascript">                                    window.PLOTLYENV=window.PLOTLYENV || {};                                    if (document.getElementById("0862bb31-ba74-49ae-813f-31d2c16f1b4f")) {                    Plotly.newPlot(                        "0862bb31-ba74-49ae-813f-31d2c16f1b4f",                        [{"coloraxis":"coloraxis","name":"0","x":["BTA 7,4% 02\u002f2030","BTA 7,5% 12\u002f2028","EMPRUNT NATIO...","EMPRUNT NATIO...","EMPRUNT NATIO...","E.O HL 2020-03","EO BNA SUB 20...","EO ADVANS 2022-1","EO ATL 2022-1","EO HL 2023-1","EO BH LEASING...","EO AB SUB 2023-2","EO ATL 2025-2","AMEN BANK","ATTIJARI BANK","BIAT","BT","CITY CARS","DELICE HOLDING","ENNAKL","PGH"],"y":["BTA 7,4% 02\u002f2030","BTA 7,5% 12\u002f2028","EMPRUNT NATIO...","EMPRUNT NATIO...","EMPRUNT NATIO...","E.O HL 2020-03","EO BNA SUB 20...","EO ADVANS 2022-1","EO ATL 2022-1","EO HL 2023-1","EO BH LEASING...","EO AB SUB 2023-2","EO ATL 2025-2","AMEN BANK","ATTIJARI BANK","BIAT","BT","CITY CARS","DELICE HOLDING","ENNAKL","PGH"],"z":[[0.0011201350883809271,6.07352790959184e-05,2.4018978631478595e-05,6.318227566220605e-05,7.682400252155055e-05,1.938585981257235e-05,1.232514604189537e-05,2.68990015293662e-05,3.0424278587039185e-05,3.6637173493402894e-05,3.694141732861161e-05,2.3255810546518857e-05,7.303899633143131e-05,-9.058809909173747e-05,-9.218120883530227e-05,-2.990726270117433e-05,-2.6327945503371954e-05,-1.6740597297518014e-05,3.877887779557279e-05,7.229853547564038e-05,-3.9121829902103046e-05],[6.07352790959184e-05,0.001090084443815794,2.2469613893309804e-05,4.807398140052626e-05,5.5301859904108305e-05,1.758431493917319e-05,1.1763161759167847e-05,2.4749283529474993e-05,2.7845103385239905e-05,3.2973653107332556e-05,3.2736755873147425e-05,2.2884027405855844e-05,5.851993776242174e-05,-6.830830456030986e-05,-8.929584392788723e-05,-3.170887894040098e-05,-1.631873447177919e-05,-1.675476232461416e-05,2.5659824982288208e-06,9.149108880949931e-05,-4.543781544615128e-05],[2.4018978631478595e-05,2.2469613893309804e-05,0.0010558173355395186,2.0947076616286535e-05,2.232636733661278e-05,1.4731379432723229e-05,1.1161280846156627e-05,1.722123991718202e-05,1.8306214703154805e-05,1.9981151841176203e-05,1.9361767677744717e-05,1.390812605057634e-05,2.6478467937680574e-05,-3.0359098155538275e-05,-8.6817088465383e-05,-6.159810194916524e-05,-1.78668960158965e-05,3.400430432192285e-05,-3.067197984845442e-05,0.00010267238848497606,-5.318879043558162e-05],[6.318227566220605e-05,4.807398140052626e-05,2.0947076616286535e-05,0.0010904464457766527,6.0985759877560194e-05,1.768923090027e-05,1.1955285490292309e-05,2.3192607040629268e-05,2.5862600770954395e-05,3.037859631658917e-05,3.06660464835592e-05,1.954500805072103e-05,5.770940819660171e-05,-7.251461604274296e-05,-9.015772414118876e-05,-3.712500243548051e-05,-1.9647011761896375e-05,1.6157325108179247e-06,2.67630354055949e-05,6.573739683245504e-05,-4.850068352150776e-05],[7.682400252155055e-05,5.5301859904108305e-05,2.232636733661278e-05,6.0985759877560194e-05,0.0011156805519279497,1.92895068233931e-05,1.2526937836247704e-05,2.5013032148062044e-05,2.796967530656294e-05,3.330488912584626e-05,3.384698579850239e-05,1.989157337525884e-05,6.812947753467411e-05,-8.912178490314387e-05,-9.450263956737422e-05,-3.8729631360372614e-05,-3.425562267641081e-05,5.670962335348021e-06,4.817109844893519e-05,6.321374383124513e-05,-4.496161251586996e-05],[1.938585981257235e-05,1.758431493917319e-05,1.4731379432723229e-05,1.768923090027e-05,1.92895068233931e-05,0.0010557578959329854,6.803899661181055e-06,1.7389980160319915e-05,1.9591553761836166e-05,2.074852310778491e-05,1.990397756520998e-05,-1.8481346412224325e-06,2.927474569637271e-05,-1.6435924610361576e-05,-0.00011873807728326036,-6.851998784933403e-05,-1.3779965118964217e-05,6.797510768955871e-05,1.1674385270064905e-05,9.99504598008559e-05,-3.2379255871136605e-05],[1.232514604189537e-05,1.1763161759167847e-05,1.1161280846156627e-05,1.1955285490292309e-05,1.2526937836247704e-05,6.803899661181055e-06,0.001082039468286943,1.7179195524687534e-06,-2.110034104046231e-06,-4.172476861755573e-07,-1.8093604916758655e-06,0.00010516685900397447,-1.8787797962535273e-05,-7.27269152525186e-05,-3.750835978911253e-05,-9.188766604940252e-05,-2.5562997476752427e-05,-0.00012226984890367556,-9.84936911503757e-05,7.483626051258058e-05,-0.00012003452449153271],[2.68990015293662e-05,2.4749283529474993e-05,1.722123991718202e-05,2.3192607040629268e-05,2.5013032148062044e-05,1.7389980160319915e-05,1.7179195524687534e-06,0.0010627184758294989,2.4367971627112516e-05,2.6023129888999304e-05,2.561118054987681e-05,-1.55316624289536e-05,4.009901221747237e-05,-3.149626482642656e-05,-0.00012442466569862512,-8.1173448949899e-05,-6.611741099708023e-06,8.169554014125122e-05,4.475953228227643e-06,0.00014676102268088538,-2.6538505863743234e-05],[3.0424278587039185e-05,2.7845103385239905e-05,1.8306214703154805e-05,2.5862600770954395e-05,2.796967530656294e-05,1.9591553761836166e-05,-2.110034104046231e-06,2.4367971627112516e-05,0.0010695464785918422,3.1998044719243995e-05,3.111349845511126e-05,-2.516064104522372e-05,5.306003462573192e-05,-1.1382087536901309e-05,-0.00015898367559781073,-5.105760461725471e-05,-5.99635815431293e-06,9.360925985445586e-05,4.7498384224111686e-05,0.00010246839879141304,-1.6241955822623763e-05],[3.6637173493402894e-05,3.2973653107332556e-05,1.9981151841176203e-05,3.037859631658917e-05,3.330488912584626e-05,2.074852310778491e-05,-4.172476861755573e-07,2.6023129888999304e-05,3.1998044719243995e-05,0.001075152039297369,3.40542883838631e-05,-1.9435956105622465e-05,5.9423725557887544e-05,-2.1559064948192076e-05,-0.00018068945051979033,-5.079588747892624e-05,-5.136695344790076e-06,6.849871949621037e-05,5.526553057998013e-05,0.00011375604726960042,-2.0363857119332023e-05],[3.694141732861161e-05,3.2736755873147425e-05,1.9361767677744717e-05,3.06660464835592e-05,3.384698579850239e-05,1.990397756520998e-05,-1.8093604916758655e-06,2.561118054987681e-05,3.111349845511126e-05,3.40542883838631e-05,0.0010731973282152487,-2.312324028094798e-05,5.829243522854863e-05,-1.871976807182913e-05,-0.00015762163602001838,-5.068546183473724e-05,-8.393049020694541e-06,9.224443650797266e-05,4.314558119459861e-05,0.00010275062081525203,-2.9450330590901572e-05],[2.3255810546518857e-05,2.2884027405855844e-05,1.390812605057634e-05,1.954500805072103e-05,1.989157337525884e-05,-1.8481346412224325e-06,0.00010516685900397447,-1.55316624289536e-05,-2.516064104522372e-05,-1.9435956105622465e-05,-2.312324028094798e-05,0.0013376806147898396,-7.017004331037616e-05,-0.00019292374494529727,1.5509530691931355e-05,-0.00011439135657663982,-3.3682082926882145e-05,-0.0004681507517280362,-0.00023905188003175748,3.10847007347557e-05,-0.00026063905534541245],[7.303899633143131e-05,5.851993776242174e-05,2.6478467937680574e-05,5.770940819660171e-05,6.812947753467411e-05,2.927474569637271e-05,-1.8787797962535273e-05,4.009901221747237e-05,5.306003462573192e-05,5.9423725557887544e-05,5.829243522854863e-05,-7.017004331037616e-05,0.001158285966781824,-2.8720979620733192e-05,-0.0002884887914943323,-2.2304440605979387e-05,5.477444662579581e-06,0.0001359080492464533,0.00018566441913150537,9.574080002388959e-05,2.6292431290412907e-05],[-9.058809909173747e-05,-6.830830456030986e-05,-3.0359098155538275e-05,-7.251461604274296e-05,-8.912178490314387e-05,-1.6435924610361576e-05,-7.27269152525186e-05,-3.149626482642656e-05,-1.1382087536901309e-05,-2.1559064948192076e-05,-1.871976807182913e-05,-0.00019292374494529727,-2.8720979620733192e-05,0.02077904086918944,0.0082964058681873,0.0032492249549763465,-0.00046987215971606766,0.0013554537213068896,0.002392409234836591,0.00020890429962076582,0.00027477707771073057],[-9.218120883530227e-05,-8.929584392788723e-05,-8.6817088465383e-05,-9.015772414118876e-05,-9.450263956737422e-05,-0.00011873807728326036,-3.750835978911253e-05,-0.00012442466569862512,-0.00015898367559781073,-0.00018068945051979033,-0.00015762163602001838,1.5509530691931355e-05,-0.0002884887914943323,0.0082964058681873,0.047523352020739984,0.0073666829096349865,-0.00043767891202365375,-0.0024499286805590636,0.0051068518257472734,8.250272853697184e-05,-0.001084871586055244],[-2.990726270117433e-05,-3.170887894040098e-05,-6.159810194916524e-05,-3.712500243548051e-05,-3.8729631360372614e-05,-6.851998784933403e-05,-9.188766604940252e-05,-8.1173448949899e-05,-5.105760461725471e-05,-5.079588747892624e-05,-5.068546183473724e-05,-0.00011439135657663982,-2.2304440605979387e-05,0.0032492249549763465,0.0073666829096349865,0.016483946183202293,0.0015500456568506532,0.00044478702975058707,0.002400603073286712,-0.002038898485210973,0.0008429902617744139],[-2.6327945503371954e-05,-1.631873447177919e-05,-1.78668960158965e-05,-1.9647011761896375e-05,-3.425562267641081e-05,-1.3779965118964217e-05,-2.5562997476752427e-05,-6.611741099708023e-06,-5.99635815431293e-06,-5.136695344790076e-06,-8.393049020694541e-06,-3.3682082926882145e-05,5.477444662579581e-06,-0.00046987215971606766,-0.00043767891202365375,0.0015500456568506532,0.02303557867018998,-6.205786597942558e-06,0.0022498532620228726,-0.001998742890183394,0.0010169244744335458],[-1.6740597297518014e-05,-1.675476232461416e-05,3.400430432192285e-05,1.6157325108179247e-06,5.670962335348021e-06,6.797510768955871e-05,-0.00012226984890367556,8.169554014125122e-05,9.360925985445586e-05,6.849871949621037e-05,9.224443650797266e-05,-0.0004681507517280362,0.0001359080492464533,0.0013554537213068896,-0.0024499286805590636,0.00044478702975058707,-6.205786597942558e-06,0.03223693014746277,0.0020795292546150123,0.003934486626293987,-0.0028272157535114075],[3.877887779557279e-05,2.5659824982288208e-06,-3.067197984845442e-05,2.67630354055949e-05,4.817109844893519e-05,1.1674385270064905e-05,-9.84936911503757e-05,4.475953228227643e-06,4.7498384224111686e-05,5.526553057998013e-05,4.314558119459861e-05,-0.00023905188003175748,0.00018566441913150537,0.002392409234836591,0.0051068518257472734,0.002400603073286712,0.0022498532620228726,0.0020795292546150123,0.056138486356550395,-0.0008116464880511214,-0.0010003910142441013],[7.229853547564038e-05,9.149108880949931e-05,0.00010267238848497606,6.573739683245504e-05,6.321374383124513e-05,9.99504598008559e-05,7.483626051258058e-05,0.00014676102268088538,0.00010246839879141304,0.00011375604726960042,0.00010275062081525203,3.10847007347557e-05,9.574080002388959e-05,0.00020890429962076582,8.250272853697184e-05,-0.002038898485210973,-0.001998742890183394,0.003934486626293987,-0.0008116464880511214,0.05552824566680263,-0.003879385341338282],[-3.9121829902103046e-05,-4.543781544615128e-05,-5.318879043558162e-05,-4.850068352150776e-05,-4.496161251586996e-05,-3.2379255871136605e-05,-0.00012003452449153271,-2.6538505863743234e-05,-1.6241955822623763e-05,-2.0363857119332023e-05,-2.9450330590901572e-05,-0.00026063905534541245,2.6292431290412907e-05,0.00027477707771073057,-0.001084871586055244,0.0008429902617744139,0.0010169244744335458,-0.0028272157535114075,-0.0010003910142441013,-0.003879385341338282,0.03822832436114601]],"type":"heatmap","xaxis":"x","yaxis":"y","hovertemplate":"asset_id: %{x}\u003cbr\u003easset_id: %{y}\u003cbr\u003ecolor: %{z}\u003cextra\u003e\u003c\u002fextra\u003e"}],                        {"template":{"data":{"barpolar":[{"marker":{"line":{"color":"white","width":0.5},"pattern":{"fillmode":"overlay","size":10,"solidity":0.2}},"type":"barpolar"}],"bar":[{"error_x":{"color":"#2a3f5f"},"error_y":{"color":"#2a3f5f"},"marker":{"line":{"color":"white","width":0.5},"pattern":{"fillmode":"overlay","size":10,"solidity":0.2}},"type":"bar"}],"carpet":[{"aaxis":{"endlinecolor":"#2a3f5f","gridcolor":"#C8D4E3","linecolor":"#C8D4E3","minorgridcolor":"#C8D4E3","startlinecolor":"#2a3f5f"},"baxis":{"endlinecolor":"#2a3f5f","gridcolor":"#C8D4E3","linecolor":"#C8D4E3","minorgridcolor":"#C8D4E3","startlinecolor":"#2a3f5f"},"type":"carpet"}],"choropleth":[{"colorbar":{"outlinewidth":0,"ticks":""},"type":"choropleth"}],"contourcarpet":[{"colorbar":{"outlinewidth":0,"ticks":""},"type":"contourcarpet"}],"contour":[{"colorbar":{"outlinewidth":0,"ticks":""},"colorscale":[[0.0,"#0d0887"],[0.1111111111111111,"#46039f"],[0.2222222222222222,"#7201a8"],[0.3333333333333333,"#9c179e"],[0.4444444444444444,"#bd3786"],[0.5555555555555556,"#d8576b"],[0.6666666666666666,"#ed7953"],[0.7777777777777778,"#fb9f3a"],[0.8888888888888888,"#fdca26"],[1.0,"#f0f921"]],"type":"contour"}],"heatmapgl":[{"colorbar":{"outlinewidth":0,"ticks":""},"colorscale":[[0.0,"#0d0887"],[0.1111111111111111,"#46039f"],[0.2222222222222222,"#7201a8"],[0.3333333333333333,"#9c179e"],[0.4444444444444444,"#bd3786"],[0.5555555555555556,"#d8576b"],[0.6666666666666666,"#ed7953"],[0.7777777777777778,"#fb9f3a"],[0.8888888888888888,"#fdca26"],[1.0,"#f0f921"]],"type":"heatmapgl"}],"heatmap":[{"colorbar":{"outlinewidth":0,"ticks":""},"colorscale":[[0.0,"#0d0887"],[0.1111111111111111,"#46039f"],[0.2222222222222222,"#7201a8"],[0.3333333333333333,"#9c179e"],[0.4444444444444444,"#bd3786"],[0.5555555555555556,"#d8576b"],[0.6666666666666666,"#ed7953"],[0.7777777777777778,"#fb9f3a"],[0.8888888888888888,"#fdca26"],[1.0,"#f0f921"]],"type":"heatmap"}],"histogram2dcontour":[{"colorbar":{"outlinewidth":0,"ticks":""},"colorscale":[[0.0,"#0d0887"],[0.1111111111111111,"#46039f"],[0.2222222222222222,"#7201a8"],[0.3333333333333333,"#9c179e"],[0.4444444444444444,"#bd3786"],[0.5555555555555556,"#d8576b"],[0.6666666666666666,"#ed7953"],[0.7777777777777778,"#fb9f3a"],[0.8888888888888888,"#fdca26"],[1.0,"#f0f921"]],"type":"histogram2dcontour"}],"histogram2d":[{"colorbar":{"outlinewidth":0,"ticks":""},"colorscale":[[0.0,"#0d0887"],[0.1111111111111111,"#46039f"],[0.2222222222222222,"#7201a8"],[0.3333333333333333,"#9c179e"],[0.4444444444444444,"#bd3786"],[0.5555555555555556,"#d8576b"],[0.6666666666666666,"#ed7953"],[0.7777777777777778,"#fb9f3a"],[0.8888888888888888,"#fdca26"],[1.0,"#f0f921"]],"type":"histogram2d"}],"histogram":[{"marker":{"pattern":{"fillmode":"overlay","size":10,"solidity":0.2}},"type":"histogram"}],"mesh3d":[{"colorbar":{"outlinewidth":0,"ticks":""},"type":"mesh3d"}],"parcoords":[{"line":{"colorbar":{"outlinewidth":0,"ticks":""}},"type":"parcoords"}],"pie":[{"automargin":true,"type":"pie"}],"scatter3d":[{"line":{"colorbar":{"outlinewidth":0,"ticks":""}},"marker":{"colorbar":{"outlinewidth":0,"ticks":""}},"type":"scatter3d"}],"scattercarpet":[{"marker":{"colorbar":{"outlinewidth":0,"ticks":""}},"type":"scattercarpet"}],"scattergeo":[{"marker":{"colorbar":{"outlinewidth":0,"ticks":""}},"type":"scattergeo"}],"scattergl":[{"marker":{"colorbar":{"outlinewidth":0,"ticks":""}},"type":"scattergl"}],"scattermapbox":[{"marker":{"colorbar":{"outlinewidth":0,"ticks":""}},"type":"scattermapbox"}],"scatterpolargl":[{"marker":{"colorbar":{"outlinewidth":0,"ticks":""}},"type":"scatterpolargl"}],"scatterpolar":[{"marker":{"colorbar":{"outlinewidth":0,"ticks":""}},"type":"scatterpolar"}],"scatter":[{"fillpattern":{"fillmode":"overlay","size":10,"solidity":0.2},"type":"scatter"}],"scatterternary":[{"marker":{"colorbar":{"outlinewidth":0,"ticks":""}},"type":"scatterternary"}],"surface":[{"colorbar":{"outlinewidth":0,"ticks":""},"colorscale":[[0.0,"#0d0887"],[0.1111111111111111,"#46039f"],[0.2222222222222222,"#7201a8"],[0.3333333333333333,"#9c179e"],[0.4444444444444444,"#bd3786"],[0.5555555555555556,"#d8576b"],[0.6666666666666666,"#ed7953"],[0.7777777777777778,"#fb9f3a"],[0.8888888888888888,"#fdca26"],[1.0,"#f0f921"]],"type":"surface"}],"table":[{"cells":{"fill":{"color":"#EBF0F8"},"line":{"color":"white"}},"header":{"fill":{"color":"#C8D4E3"},"line":{"color":"white"}},"type":"table"}]},"layout":{"annotationdefaults":{"arrowcolor":"#2a3f5f","arrowhead":0,"arrowwidth":1},"autotypenumbers":"strict","coloraxis":{"colorbar":{"outlinewidth":0,"ticks":""}},"colorscale":{"diverging":[[0,"#8e0152"],[0.1,"#c51b7d"],[0.2,"#de77ae"],[0.3,"#f1b6da"],[0.4,"#fde0ef"],[0.5,"#f7f7f7"],[0.6,"#e6f5d0"],[0.7,"#b8e186"],[0.8,"#7fbc41"],[0.9,"#4d9221"],[1,"#276419"]],"sequential":[[0.0,"#0d0887"],[0.1111111111111111,"#46039f"],[0.2222222222222222,"#7201a8"],[0.3333333333333333,"#9c179e"],[0.4444444444444444,"#bd3786"],[0.5555555555555556,"#d8576b"],[0.6666666666666666,"#ed7953"],[0.7777777777777778,"#fb9f3a"],[0.8888888888888888,"#fdca26"],[1.0,"#f0f921"]],"sequentialminus":[[0.0,"#0d0887"],[0.1111111111111111,"#46039f"],[0.2222222222222222,"#7201a8"],[0.3333333333333333,"#9c179e"],[0.4444444444444444,"#bd3786"],[0.5555555555555556,"#d8576b"],[0.6666666666666666,"#ed7953"],[0.7777777777777778,"#fb9f3a"],[0.8888888888888888,"#fdca26"],[1.0,"#f0f921"]]},"colorway":["#636efa","#EF553B","#00cc96","#ab63fa","#FFA15A","#19d3f3","#FF6692","#B6E880","#FF97FF","#FECB52"],"font":{"color":"#2a3f5f"},"geo":{"bgcolor":"white","lakecolor":"white","landcolor":"white","showlakes":true,"showland":true,"subunitcolor":"#C8D4E3"},"hoverlabel":{"align":"left"},"hovermode":"closest","mapbox":{"style":"light"},"paper_bgcolor":"white","plot_bgcolor":"white","polar":{"angularaxis":{"gridcolor":"#EBF0F8","linecolor":"#EBF0F8","ticks":""},"bgcolor":"white","radialaxis":{"gridcolor":"#EBF0F8","linecolor":"#EBF0F8","ticks":""}},"scene":{"xaxis":{"backgroundcolor":"white","gridcolor":"#DFE8F3","gridwidth":2,"linecolor":"#EBF0F8","showbackground":true,"ticks":"","zerolinecolor":"#EBF0F8"},"yaxis":{"backgroundcolor":"white","gridcolor":"#DFE8F3","gridwidth":2,"linecolor":"#EBF0F8","showbackground":true,"ticks":"","zerolinecolor":"#EBF0F8"},"zaxis":{"backgroundcolor":"white","gridcolor":"#DFE8F3","gridwidth":2,"linecolor":"#EBF0F8","showbackground":true,"ticks":"","zerolinecolor":"#EBF0F8"}},"shapedefaults":{"line":{"color":"#2a3f5f"}},"ternary":{"aaxis":{"gridcolor":"#DFE8F3","linecolor":"#A2B1C6","ticks":""},"baxis":{"gridcolor":"#DFE8F3","linecolor":"#A2B1C6","ticks":""},"bgcolor":"white","caxis":{"gridcolor":"#DFE8F3","linecolor":"#A2B1C6","ticks":""}},"title":{"x":0.05},"xaxis":{"automargin":true,"gridcolor":"#EBF0F8","linecolor":"#EBF0F8","ticks":"","title":{"standoff":15},"zerolinecolor":"#EBF0F8","zerolinewidth":2},"yaxis":{"automargin":true,"gridcolor":"#EBF0F8","linecolor":"#EBF0F8","ticks":"","title":{"standoff":15},"zerolinecolor":"#EBF0F8","zerolinewidth":2}}},"xaxis":{"anchor":"y","domain":[0.0,1.0],"title":{"text":"asset_id"},"showgrid":true,"gridcolor":"#e8e8e8","zeroline":false},"yaxis":{"anchor":"x","domain":[0.0,1.0],"autorange":"reversed","title":{"text":"asset_id"},"showgrid":true,"gridcolor":"#e8e8e8","zeroline":false},"coloraxis":{"colorscale":[[0.0,"rgb(103,0,31)"],[0.1,"rgb(178,24,43)"],[0.2,"rgb(214,96,77)"],[0.3,"rgb(244,165,130)"],[0.4,"rgb(253,219,199)"],[0.5,"rgb(247,247,247)"],[0.6,"rgb(209,229,240)"],[0.7,"rgb(146,197,222)"],[0.8,"rgb(67,147,195)"],[0.9,"rgb(33,102,172)"],[1.0,"rgb(5,48,97)"]],"cmid":0},"margin":{"t":95,"l":90,"r":60,"b":110},"title":{"font":{"size":20},"text":"Matrice de covariance shrinkee annualisee","x":0.02,"xanchor":"left"},"font":{"size":13},"legend":{"orientation":"h","yanchor":"bottom","y":-0.25,"xanchor":"left","x":0},"height":760,"width":950},                        {"responsive": true}                    )                };                            </script>        </div>
</body>
</html>