<html>
<head><meta charset="utf-8" /></head>
<body>
    <div>                        <script type="text/javascript">window.PlotlyConfig = {MathJaxConfig: 'local'};</script>
        <script charset="utf-8" src="https://cdn.plot.ly/plotly-2.35.2.min.js"></script>                <div id="6d77f93f-f1fd-4bf7-86f8-cbfc7cccbcaf" class="plotly-graph-div" style="height:760px; width:950px;"></div>            <script type="text/javascript">                                    window.PLOTLYENV=window.PLOTLYENV || {};                                    if (document.getElementById("6d77f93f-f1fd-4bf7-86f8-cbfc7cccbcaf")) {                    Plotly.newPlot(                        "6d77f93f-f1fd-4bf7-86f8-cbfc7cccbcaf",                        [{"coloraxis":"coloraxis","name":"0","x":["BTA 7,4% 02\u002f2030","BTA 7,5% 12\u002f2028","EMPRUNT NATIO...","EMPRUNT NATIO...","EMPRUNT NATIO...","E.O HL 2020-03","EO BNA SUB 20...","EO ADVANS 2022-1","EO ATL 2022-1","EO HL 2023-1","EO BH LEASING...","EO AB SUB 2023-2","EO ATL 2025-2","AMEN BANK","ATTIJARI BANK","BIAT","BT","CITY CARS","DELICE HOLDING","ENNAKL","PGH"],"y":["BTA 7,4% 02\u002f2030","BTA 7,5% 12\u002f2028","EMPRUNT NATIO...","EMPRUNT NATIO...","EMPRUNT NATIO...","E.O HL 2020-03","EO BNA SUB 20...","EO ADVANS 2022-1","EO ATL 2022-1","EO HL 2023-1","EO BH LEASING...","EO AB SUB 2023-2","EO ATL 2025-2","AMEN BANK","ATTIJARI BANK","BIAT","BT","CITY CARS","DELICE HOLDING","ENNAKL","PGH"],"z":[[1.0,0.9543675097924063,0.6676075677440166,0.9892695894196188,0.9829657583593,0.539827648890823,0.2112804145703235,0.6254998703493697,0.6212383007047612,0.6863757375791328,0.7119942259207375,0.15024012026769415,0.7480136037403257,-0.07190156813719913,-0.047678840579017064,-0.026836563990240456,-0.019796108628969036,-0.010569303919174109,0.018422883810646804,0.03453904181798892,-0.02262286143748857],[0.9543675097924063,1.0,0.7891695472228086,0.9511247416014963,0.8941063723925761,0.6187333185724262,0.25479988563054,0.7272130914398666,0.7184470432753975,0.7805756874403589,0.797272070754968,0.18680775193938245,0.7572975438186136,-0.06850917142035745,-0.05836097331438292,-0.03595333040655487,-0.015504484350758954,-0.013366623071535614,0.0015403664789234892,0.055229050178446225,-0.03320120234093313],[0.6676075677440166,0.7891695472228086,1.0,0.7330657179660826,0.6384981147175094,0.916882252250922,0.42764293016270655,0.8950670618679698,0.8354810033295034,0.8366822901278553,0.8340805930920032,0.20082748700192435,0.606104692656051,-0.05385873838666203,-0.10036645803807256,-0.12354286514792913,-0.030027008148084792,0.04798543377424807,-0.032568989206654464,0.1096312950540668,-0.06874618195568989],[0.9892695894196188,0.9511247416014963,0.7330657179660826,1.0,0.9824776338302834,0.6202000274967473,0.25803575670117374,0.6790369507906755,0.6649100594231563,0.716572997680126,0.7441722666115647,0.15898021100775228,0.7441390471914318,-0.07246787743800343,-0.058713639349182715,-0.04194396760193133,-0.018599965416877393,0.0012843922432866626,0.016008495501385493,0.03954085546602046,-0.03531254412473366],[0.9829657583593,0.8941063723925761,0.6384981147175094,0.9824776338302834,1.0,0.5526701628829894,0.22094639847384068,0.5984560251930762,0.5876249088331242,0.6419819130919204,0.6712089749490026,0.1322203845700999,0.7179010625133827,-0.07278232581273139,-0.05029236560954731,-0.03575760694060087,-0.026501445467656193,0.003683893256764714,0.023546359140198467,0.031071851698822494,-0.02675131231206321],[0.539827648890823,0.6187333185724262,0.916882252250922,0.6202000274967473,0.5526701628829894,1.0,0.2611731349854044,0.9055106995677067,0.8957983323879636,0.8704234575118811,0.8590258374592684,-0.026735695400220937,0.6713535134352694,-0.02921223540329027,-0.13752344231047348,-0.1376800317560117,-0.02320141175763832,0.09610119243712006,0.012419377637774131,0.10692247840318903,-0.041927471670286744],[0.2112804145703235,0.25479988563054,0.42764293016270655,0.25803575670117374,0.22094639847384068,0.2611731349854044,1.0,0.05506738229459253,-0.059392000501201865,-0.01077542589436826,-0.04807159873531362,0.936556300986854,-0.26523517932844737,-0.07957248628777772,-0.026743109670401614,-0.11366009390611925,-0.02649568672888218,-0.10641316427772918,-0.06450172577657735,0.04928257692295846,-0.09568306896864276],[0.6254998703493697,0.7272130914398666,0.8950670618679698,0.6790369507906755,0.5984560251930762,0.9055106995677067,0.05506738229459253,1.0,0.9304258276075063,0.9116411806762543,0.9230324272989212,-0.18762764509547836,0.7679144099424868,-0.04674667355220001,-0.12034116532920658,-0.13620363146617775,-0.009296150377558982,0.09644911088668061,0.0039762378849511225,0.13110400466476207,-0.0286965234945605],[0.6212383007047612,0.7184470432753975,0.8354810033295034,0.6649100594231563,0.5876249088331242,0.8957983323879636,-0.059392000501201865,0.9304258276075063,1.0,0.9843163886416149,0.9846527021498671,-0.266899313303242,0.8922643500158297,-0.014834074295101083,-0.13502280722204563,-0.07522842915508221,-0.007403238410702805,0.09704330098747364,0.03705207419334515,0.08037889799997697,-0.015421904614061933],[0.6863757375791328,0.7805756874403589,0.8366822901278553,0.716572997680126,0.6419819130919204,0.8704234575118811,-0.01077542589436826,0.9116411806762543,0.9843163886416149,1.0,0.9887991131843274,-0.18916191084742917,0.916828102903997,-0.025779261842880298,-0.14079571099246074,-0.06866764265138244,-0.005818620165127784,0.06515252189158324,0.03955396828523097,0.081870721799213,-0.017740332579727302],[0.7119942259207375,0.797272070754968,0.8340805930920032,0.7441722666115647,0.6712089749490026,0.8590258374592684,-0.04807159873531362,0.9230324272989212,0.9846527021498671,0.9887991131843274,1.0,-0.23152581962251131,0.9252587371345874,-0.0230284112127213,-0.12635586766299028,-0.0704903958277968,-0.009780902147862692,0.09026344721548918,0.031768374666373334,0.07607842903384843,-0.026394585469752877],[0.15024012026769415,0.18680775193938245,0.20082748700192435,0.15898021100775228,0.1322203845700999,-0.026735695400220937,0.936556300986854,-0.18762764509547836,-0.266899313303242,-0.18916191084742917,-0.23152581962251131,1.0,-0.3733311814385017,-0.07955009817338772,0.004167443916987921,-0.053325050536881406,-0.01315678019827133,-0.15354970358961986,-0.05899868883469721,0.00771463345537562,-0.07829890499136766],[0.7480136037403257,0.7572975438186136,0.606104692656051,0.7441390471914318,0.7179010625133827,0.6713535134352694,-0.26523517932844737,0.7679144099424868,0.8922643500158297,0.916828102903997,0.9252587371345874,-0.3733311814385017,1.0,-0.018773901842804457,-0.12288540627927458,-0.016482749513083626,0.0033917898400118297,0.07066570465803755,0.07264055229657984,0.03766742356339233,0.012521235994190272],[-0.07190156813719913,-0.06850917142035745,-0.05385873838666203,-0.07246787743800343,-0.07278232581273139,-0.02921223540329027,-0.07957248628777772,-0.04674667355220001,-0.014834074295101083,-0.025779261842880298,-0.0230284112127213,-0.07955009817338772,-0.018773901842804457,1.0,0.2738885466407487,0.18609324947448816,-0.02254982448765043,0.05462113565662508,0.07254348923853524,0.00636984344083801,0.010141669884860257],[-0.047678840579017064,-0.05836097331438292,-0.10036645803807256,-0.058713639349182715,-0.05029236560954731,-0.13752344231047348,-0.026743109670401614,-0.12034116532920658,-0.13502280722204563,-0.14079571099246074,-0.12635586766299028,0.004167443916987921,-0.12288540627927458,0.2738885466407487,1.0,0.2749406069606163,-0.013687847119354595,-0.06433473914699658,0.10090955682317065,0.0016393276449199494,-0.02609296162041339],[-0.026836563990240456,-0.03595333040655487,-0.12354286514792913,-0.04194396760193133,-0.03575760694060087,-0.1376800317560117,-0.11366009390611925,-0.13620363146617775,-0.07522842915508221,-0.06866764265138244,-0.0704903958277968,-0.053325050536881406,-0.016482749513083626,0.18609324947448816,0.2749406069606163,1.0,0.0840990271793959,0.02026334668569427,0.08229365609834932,-0.07028457319998073,0.03517503646167205],[-0.019796108628969036,-0.015504484350758954,-0.030027008148084792,-0.018599965416877393,-0.026501445467656193,-0.02320141175763832,-0.02649568672888218,-0.009296150377558982,-0.007403238410702805,-0.005818620165127784,-0.009780902147862692,-0.01315678019827133,0.0033917898400118297,-0.02254982448765043,-0.013687847119354595,0.0840990271793959,1.0,-0.00023690188189644037,0.06462682295721746,-0.057734306542496484,0.03555603388640915],[-0.010569303919174109,-0.013366623071535614,0.04798543377424807,0.0012843922432866626,0.003683893256764714,0.09610119243712006,-0.10641316427772918,0.09644911088668061,0.09704330098747364,0.06515252189158324,0.09026344721548918,-0.15354970358961986,0.07066570465803755,0.05462113565662508,-0.06433473914699658,0.02026334668569427,-0.00023690188189644037,1.0,0.05015753974326515,0.09542840700188546,-0.08300344974980693],[0.018422883810646804,0.0015403664789234892,-0.032568989206654464,0.016008495501385493,0.023546359140198467,0.012419377637774131,-0.06450172577657735,0.0039762378849511225,0.03705207419334515,0.03955396828523097,0.031768374666373334,-0.05899868883469721,0.07264055229657984,0.07254348923853524,0.10090955682317065,0.08229365609834932,0.06462682295721746,0.05015753974326515,1.0,-0.014813014698795656,-0.02210008336775784],[0.03453904181798892,0.055229050178446225,0.1096312950540668,0.03954085546602046,0.031071851698822494,0.10692247840318903,0.04928257692295846,0.13110400466476207,0.08037889799997697,0.081870721799213,0.07607842903384843,0.00771463345537562,0.03766742356339233,0.00636984344083801,0.0016393276449199494,-0.07028457319998073,-0.057734306542496484,0.09542840700188546,-0.014813014698795656,1.0,-0.08617979553982617],[-0.02262286143748857,-0.03320120234093313,-0.06874618195568989,-0.03531254412473366,-0.02675131231206321,-0.041927471670286744,-0.09568306896864276,-0.0286965234945605,-0.015421904614061933,-0.017740332579727302,-0.026394585469752877,-0.07829890499136766,0.012521235994190272,0.010141669884860257,-0.02609296162041339,0.03517503646167205,0.03555603388640915,-0.08300344974980693,-0.02210008336775784,-0.08617979553982617,1.0]],"type":"heatmap","xaxis":"x","yaxis":"y","hovertemplate":"asset_id: %{x}\u003cbr\u003easset_id: %{y}\u003cbr\u003ecolor: %{z}\u003cextra\u003e\u003c\u002fextra\u003e"}],                        {"template":{"data":{"barpolar":[{"marker":{"line":{"color":"white","width":0.5},"pattern":{"fillmode":"overlay","size":10,"solidity":0.2}},"type":"barpolar"}],"bar":[{"error_x":{"color":"#2a3f5f"},"error_y":{"color":"#2a3f5f"},"marker":{"line":{"color":"white","width":0.5},"pattern":{"fillmode":"overlay","size":10,"solidity":0.2}},"type":"bar"}],"carpet":[{"aaxis":{"endlinecolor":"#2a3f5f","gridcolor":"#C8D4E3","linecolor":"#C8D4E3","minorgridcolor":"#C8D4E3","startlinecolor":"#2a3f5f"},"baxis":{"endlinecolor":"#2a3f5f","gridcolor":"#C8D4E3","linecolor":"#C8D4E3","minorgridcolor":"#C8D4E3","startlinecolor":"#2a3f5f"},"type":"carpet"}],"choropleth":[{"colorbar":{"outlinewidth":0,"ticks":""},"type":"choropleth"}],"contourcarpet":[{"colorbar":{"outlinewidth":0,"ticks":""},"type":"contourcarpet"}],"contour":[{"colorbar":{"outlinewidth":0,"ticks":""},"colorscale":[[0.0,"#0d0887"],[0.1111111111111111,"#46039f"],[0.2222222222222222,"#7201a8"],[0.3333333333333333,"#9c179e"],[0.4444444444444444,"#bd3786"],[0.5555555555555556,"#d8576b"],[0.6666666666666666,"#ed7953"],[0.7777777777777778,"#fb9f3a"],[0.8888888888888888,"#fdca26"],[1.0,"#f0f921"]],"type":"contour"}],"heatmapgl":[{"colorbar":{"outlinewidth":0,"ticks":""},"colorscale":[[0.0,"#0d0887"],[0.1111111111111111,"#46039f"],[0.2222222222222222,"#7201a8"],[0.3333333333333333,"#9c179e"],[0.4444444444444444,"#bd3786"],[0.5555555555555556,"#d8576b"],[0.6666666666666666,"#ed7953"],[0.7777777777777778,"#fb9f3a"],[0.8888888888888888,"#fdca26"],[1.0,"#f0f921"]],"type":"heatmapgl"}],"heatmap":[{"colorbar":{"outlinewidth":0,"ticks":""},"colorscale":[[0.0,"#0d0887"],[0.1111111111111111,"#46039f"],[0.2222222222222222,"#7201a8"],[0.3333333333333333,"#9c179e"],[0.4444444444444444,"#bd3786"],[0.5555555555555556,"#d8576b"],[0.6666666666666666,"#ed7953"],[0.7777777777777778,"#fb9f3a"],[0.8888888888888888,"#fdca26"],[1.0,"#f0f921"]],"type":"heatmap"}],"histogram2dcontour":[{"colorbar":{"outlinewidth":0,"ticks":""},"colorscale":[[0.0,"#0d0887"],[0.1111111111111111,"#46039f"],[0.2222222222222222,"#7201a8"],[0.3333333333333333,"#9c179e"],[0.4444444444444444,"#bd3786"],[0.5555555555555556,"#d8576b"],[0.6666666666666666,"#ed7953"],[0.7777777777777778,"#fb9f3a"],[0.8888888888888888,"#fdca26"],[1.0,"#f0f921"]],"type":"histogram2dcontour"}],"histogram2d":[{"colorbar":{"outlinewidth":0,"ticks":""},"colorscale":[[0.0,"#0d0887"],[0.1111111111111111,"#46039f"],[0.2222222222222222,"#7201a8"],[0.3333333333333333,"#9c179e"],[0.4444444444444444,"#bd3786"],[0.5555555555555556,"#d8576b"],[0.6666666666666666,"#ed7953"],[0.7777777777777778,"#fb9f3a"],[0.8888888888888888,"#fdca26"],[1.0,"#f0f921"]],"type":"histogram2d"}],"histogram":[{"marker":{"pattern":{"fillmode":"overlay","size":10,"solidity":0.2}},"type":"histogram"}],"mesh3d":[{"colorbar":{"outlinewidth":0,"ticks":""},"type":"mesh3d"}],"parcoords":[{"line":{"colorbar":{"outlinewidth":0,"ticks":""}},"type":"parcoords"}],"pie":[{"automargin":true,"type":"pie"}],"scatter3d":[{"line":{"colorbar":{"outlinewidth":0,"ticks":""}},"marker":{"colorbar":{"outlinewidth":0,"ticks":""}},"type":"scatter3d"}],"scattercarpet":[{"marker":{"colorbar":{"outlinewidth":0,"ticks":""}},"type":"scattercarpet"}],"scattergeo":[{"marker":{"colorbar":{"outlinewidth":0,"ticks":""}},"type":"scattergeo"}],"scattergl":[{"marker":{"colorbar":{"outlinewidth":0,"ticks":""}},"type":"scattergl"}],"scattermapbox":[{"marker":{"colorbar":{"outlinewidth":0,"ticks":""}},"type":"scattermapbox"}],"scatterpolargl":[{"marker":{"colorbar":{"outlinewidth":0,"ticks":""}},"type":"scatterpolargl"}],"scatterpolar":[{"marker":{"colorbar":{"outlinewidth":0,"ticks":""}},"type":"scatterpolar"}],"scatter":[{"fillpattern":{"fillmode":"overlay","size":10,"solidity":0.2},"type":"scatter"}],"scatterternary":[{"marker":{"colorbar":{"outlinewidth":0,"ticks":""}},"type":"scatterternary"}],"surface":[{"colorbar":{"outlinewidth":0,"ticks":""},"colorscale":[[0.0,"#0d0887"],[0.1111111111111111,"#46039f"],[0.2222222222222222,"#7201a8"],[0.3333333333333333,"#9c179e"],[0.4444444444444444,"#bd3786"],[0.5555555555555556,"#d8576b"],[0.6666666666666666,"#ed7953"],[0.7777777777777778,"#fb9f3a"],[0.8888888888888888,"#fdca26"],[1.0,"#f0f921"]],"type":"surface"}],"table":[{"cells":{"fill":{"color":"#EBF0F8"},"line":{"color":"white"}},"header":{"fill":{"color":"#C8D4E3"},"line":{"color":"white"}},"type":"table"}]},"layout":{"annotationdefaults":{"arrowcolor":"#2a3f5f","arrowhead":0,"arrowwidth":1},"autotypenumbers":"strict","coloraxis":{"colorbar":{"outlinewidth":0,"ticks":""}},"colorscale":{"diverging":[[0,"#8e0152"],[0.1,"#c51b7d"],[0.2,"#de77ae"],[0.3,"#f1b6da"],[0.4,"#fde0ef"],[0.5,"#f7f7f7"],[0.6,"#e6f5d0"],[0.7,"#b8e186"],[0.8,"#7fbc41"],[0.9,"#4d9221"],[1,"#276419"]],"sequential":[[0.0,"#0d0887"],[0.1111111111111111,"#46039f"],[0.2222222222222222,"#7201a8"],[0.3333333333333333,"#9c179e"],[0.4444444444444444,"#bd3786"],[0.5555555555555556,"#d8576b"],[0.6666666666666666,"#ed7953"],[0.7777777777777778,"#fb9f3a"],[0.8888888888888888,"#fdca26"],[1.0,"#f0f921"]],"sequentialminus":[[0.0,"#0d0887"],[0.1111111111111111,"#46039f"],[0.2222222222222222,"#7201a8"],[0.3333333333333333,"#9c179e"],[0.4444444444444444,"#bd3786"],[0.5555555555555556,"#d8576b"],[0.6666666666666666,"#ed7953"],[0.7777777777777778,"#fb9f3a"],[0.8888888888888888,"#fdca26"],[1.0,"#f0f921"]]},"colorway":["#636efa","#EF553B","#00cc96","#ab63fa","#FFA15A","#19d3f3","#FF6692","#B6E880","#FF97FF","#FECB52"],"font":{"color":"#2a3f5f"},"geo":{"bgcolor":"white","lakecolor":"white","landcolor":"white","showlakes":true,"showland":true,"subunitcolor":"#C8D4E3"},"hoverlabel":{"align":"left"},"hovermode":"closest","mapbox":{"style":"light"},"paper_bgcolor":"white","plot_bgcolor":"white","polar":{"angularaxis":{"gridcolor":"#EBF0F8","linecolor":"#EBF0F8","ticks":""},"bgcolor":"white","radialaxis":{"gridcolor":"#EBF0F8","linecolor":"#EBF0F8","ticks":""}},"scene":{"xaxis":{"backgroundcolor":"white","gridcolor":"#DFE8F3","gridwidth":2,"linecolor":"#EBF0F8","showbackground":true,"ticks":"","zerolinecolor":"#EBF0F8"},"yaxis":{"backgroundcolor":"white","gridcolor":"#DFE8F3","gridwidth":2,"linecolor":"#EBF0F8","showbackground":true,"ticks":"","zerolinecolor":"#EBF0F8"},"zaxis":{"backgroundcolor":"white","gridcolor":"#DFE8F3","gridwidth":2,"linecolor":"#EBF0F8","showbackground":true,"ticks":"","zerolinecolor":"#EBF0F8"}},"shapedefaults":{"line":{"color":"#2a3f5f"}},"ternary":{"aaxis":{"gridcolor":"#DFE8F3","linecolor":"#A2B1C6","ticks":""},"baxis":{"gridcolor":"#DFE8F3","linecolor":"#A2B1C6","ticks":""},"bgcolor":"white","caxis":{"gridcolor":"#DFE8F3","linecolor":"#A2B1C6","ticks":""}},"title":{"x":0.05},"xaxis":{"automargin":true,"gridcolor":"#EBF0F8","linecolor":"#EBF0F8","ticks":"","title":{"standoff":15},"zerolinecolor":"#EBF0F8","zerolinewidth":2},"yaxis":{"automargin":true,"gridcolor":"#EBF0F8","linecolor":"#EBF0F8","ticks":"","title":{"standoff":15},"zerolinecolor":"#EBF0F8","zerolinewidth":2}}},"xaxis":{"anchor":"y","domain":[0.0,1.0],"title":{"text":"asset_id"},"showgrid":true,"gridcolor":"#e8e8e8","zeroline":false},"yaxis":{"anchor":"x","domain":[0.0,1.0],"autorange":"reversed","title":{"text":"asset_id"},"showgrid":true,"gridcolor":"#e8e8e8","zeroline":false},"coloraxis":{"colorscale":[[0.0,"rgb(103,0,31)"],[0.1,"rgb(178,24,43)"],[0.2,"rgb(214,96,77)"],[0.3,"rgb(244,165,130)"],[0.4,"rgb(253,219,199)"],[0.5,"rgb(247,247,247)"],[0.6,"rgb(209,229,240)"],[0.7,"rgb(146,197,222)"],[0.8,"rgb(67,147,195)"],[0.9,"rgb(33,102,172)"],[1.0,"rgb(5,48,97)"]],"cmid":0,"cmin":-1,"cmax":1},"margin":{"t":95,"l":90,"r":60,"b":110},"title":{"font":{"size":20},"text":"Matrice de corr\u00e9lation des rendements","x":0.02,"xanchor":"left"},"font":{"size":13},"legend":{"orientation":"h","yanchor":"bottom","y":-0.25,"xanchor":"left","x":0},"height":760,"width":950},                        {"responsive": true}                    )                };                            </script>        </div>
</body>
</html>