<html>
<head><meta charset="utf-8" /></head>
<body>
    <div>                        <script type="text/javascript">window.PlotlyConfig = {MathJaxConfig: 'local'};</script>
        <script charset="utf-8" src="https://cdn.plot.ly/plotly-2.35.2.min.js"></script>                <div id="009311d7-21f3-40a9-8e39-057afc657bf0" class="plotly-graph-div" style="height:650px; width:100%;"></div>            <script type="text/javascript">                                    window.PLOTLYENV=window.PLOTLYENV || {};                                    if (document.getElementById("009311d7-21f3-40a9-8e39-057afc657bf0")) {                    Plotly.newPlot(                        "009311d7-21f3-40a9-8e39-057afc657bf0",                        [{"coloraxis":"coloraxis","name":"0","x":["BTA_7_4_02_2030","BTA_7_5_12_2028","EMPRUNT_NATIONAL_2021_2EME_TRANCHE","EMPRUNT_NATIONAL_2022_3EME_TRANCHE_10_ANS","EMPRUNT_NATIONAL_2023_4EME_TRANCHE_CATEGORIE_C","TN0007310568","TN0003100872","TNHFN9X6ARP3","TN8DSPQCBC06","TNL7VQZVHR54","TNYGOCQ2WZX6","TNDE9EH7SA12","EO_ATL_2025_2","AMEN_BANK","ATTIJARI_BANK","BIAT","BT","CITY_CARS","DELICE_HOLDING","ENNAKL","PGH"],"y":["BTA_7_4_02_2030","BTA_7_5_12_2028","EMPRUNT_NATIONAL_2021_2EME_TRANCHE","EMPRUNT_NATIONAL_2022_3EME_TRANCHE_10_ANS","EMPRUNT_NATIONAL_2023_4EME_TRANCHE_CATEGORIE_C","TN0007310568","TN0003100872","TNHFN9X6ARP3","TN8DSPQCBC06","TNL7VQZVHR54","TNYGOCQ2WZX6","TNDE9EH7SA12","EO_ATL_2025_2","AMEN_BANK","ATTIJARI_BANK","BIAT","BT","CITY_CARS","DELICE_HOLDING","ENNAKL","PGH"],"z":[[1.0,0.954367509792406,0.6676075677440166,0.9892695894196188,0.9829657583592999,0.5398276488908234,0.2112804145703235,0.6254998703493697,0.6212383007047613,0.686375737579133,0.7119942259207377,0.15024012026769412,0.7480136037403258,-0.07190156813719913,-0.04767884057901708,-0.026836563990240477,-0.019796108628969026,-0.010569303919174104,0.01842288381064682,0.03453904181798891,-0.022622861437488578],[0.954367509792406,1.0,0.7891695472228089,0.9511247416014965,0.8941063723925763,0.6187333185724264,0.25479988563054007,0.7272130914398665,0.7184470432753981,0.7805756874403592,0.7972720707549682,0.18680775193938248,0.7572975438186139,-0.06850917142035745,-0.058360973314383,-0.03595333040655486,-0.015504484350758954,-0.01336662307153566,0.001540366478923467,0.05522905017844625,-0.033201202340933114],[0.6676075677440166,0.7891695472228089,1.0,0.7330657179660824,0.6384981147175093,0.916882252250922,0.42764293016270644,0.8950670618679699,0.8354810033295037,0.8366822901278553,0.8340805930920036,0.2008274870019243,0.6061046926560513,-0.05385873838666203,-0.1003664580380726,-0.1235428651479291,-0.030027008148084785,0.047985433774248076,-0.03256898920665446,0.10963129505406673,-0.06874618195568992],[0.9892695894196188,0.9511247416014965,0.7330657179660824,1.0,0.9824776338302834,0.6202000274967475,0.2580357567011738,0.6790369507906753,0.6649100594231563,0.716572997680126,0.7441722666115651,0.15898021100775223,0.744139047191432,-0.07246787743800343,-0.058713639349182715,-0.041943967601931316,-0.018599965416877362,0.0012843922432866377,0.016008495501385497,0.03954085546602046,-0.035312544124733655],[0.9829657583592999,0.8941063723925763,0.6384981147175093,0.9824776338302834,1.0,0.5526701628829895,0.22094639847384068,0.5984560251930762,0.5876249088331242,0.6419819130919204,0.6712089749490027,0.1322203845700999,0.7179010625133827,-0.07278232581273139,-0.05029236560954734,-0.03575760694060087,-0.02650144546765618,0.0036838932567647017,0.02354635914019846,0.031071851698822484,-0.02675131231206317],[0.5398276488908234,0.6187333185724264,0.916882252250922,0.6202000274967475,0.5526701628829895,1.0,0.2611731349854044,0.9055106995677068,0.8957983323879639,0.8704234575118812,0.8590258374592685,-0.026735695400220943,0.6713535134352695,-0.02921223540329028,-0.13752344231047336,-0.13768003175601173,-0.02320141175763832,0.09610119243712009,0.012419377637774108,0.10692247840318898,-0.04192747167028672],[0.2112804145703235,0.25479988563054007,0.42764293016270644,0.2580357567011738,0.22094639847384068,0.2611731349854044,1.0,0.05506738229459249,-0.059392000501201754,-0.010775425894368173,-0.04807159873531359,0.9365563009868538,-0.26523517932844737,-0.07957248628777773,-0.026743109670401638,-0.11366009390611927,-0.026495686728882178,-0.10641316427772914,-0.06450172577657741,0.049282576922958427,-0.09568306896864276],[0.6254998703493697,0.7272130914398665,0.8950670618679699,0.6790369507906753,0.5984560251930762,0.9055106995677068,0.05506738229459249,1.0,0.9304258276075064,0.9116411806762543,0.9230324272989213,-0.1876276450954784,0.7679144099424869,-0.046746673552199976,-0.12034116532920652,-0.13620363146617773,-0.009296150377558973,0.09644911088668057,0.00397623788495111,0.1311040046647621,-0.028696523494560484],[0.6212383007047613,0.7184470432753981,0.8354810033295037,0.6649100594231563,0.5876249088331242,0.8957983323879639,-0.059392000501201754,0.9304258276075064,1.0,0.9843163886416149,0.9846527021498674,-0.26689931330324196,0.8922643500158299,-0.014834074295101108,-0.13502280722204563,-0.07522842915508218,-0.007403238410702786,0.09704330098747355,0.03705207419334514,0.080378897999977,-0.015421904614061918],[0.686375737579133,0.7805756874403592,0.8366822901278553,0.716572997680126,0.6419819130919204,0.8704234575118812,-0.010775425894368173,0.9116411806762543,0.9843163886416149,1.0,0.9887991131843276,-0.18916191084742912,0.9168281029039969,-0.025779261842880333,-0.1407957109924607,-0.06866764265138246,-0.005818620165127776,0.06515252189158328,0.03955396828523091,0.08187072179921297,-0.017740332579727312],[0.7119942259207377,0.7972720707549682,0.8340805930920036,0.7441722666115651,0.6712089749490027,0.8590258374592685,-0.04807159873531359,0.9230324272989213,0.9846527021498674,0.9887991131843276,1.0,-0.23152581962251145,0.9252587371345876,-0.02302841121272131,-0.12635586766299034,-0.0704903958277968,-0.0097809021478627,0.09026344721548915,0.031768374666373306,0.07607842903384847,-0.026394585469752894],[0.15024012026769412,0.18680775193938248,0.2008274870019243,0.15898021100775223,0.1322203845700999,-0.026735695400220943,0.9365563009868538,-0.1876276450954784,-0.26689931330324196,-0.18916191084742912,-0.23152581962251145,1.0,-0.37333118143850175,-0.07955009817338776,0.004167443916987905,-0.05332505053688142,-0.013156780198271323,-0.15354970358961995,-0.05899868883469717,0.00771463345537562,-0.07829890499136771],[0.7480136037403258,0.7572975438186139,0.6061046926560513,0.744139047191432,0.7179010625133827,0.6713535134352695,-0.26523517932844737,0.7679144099424869,0.8922643500158299,0.9168281029039969,0.9252587371345876,-0.37333118143850175,1.0,-0.018773901842804468,-0.12288540627927455,-0.01648274951308365,0.003391789840011819,0.07066570465803755,0.07264055229657986,0.03766742356339235,0.012521235994190276],[-0.07190156813719913,-0.06850917142035745,-0.05385873838666203,-0.07246787743800343,-0.07278232581273139,-0.02921223540329028,-0.07957248628777773,-0.046746673552199976,-0.014834074295101108,-0.025779261842880333,-0.02302841121272131,-0.07955009817338776,-0.018773901842804468,1.0,0.27388854664074874,0.18609324947448816,-0.022549824487650454,0.054621135656625075,0.07254348923853525,0.006369843440838003,0.01014166988486028],[-0.04767884057901708,-0.058360973314383,-0.1003664580380726,-0.058713639349182715,-0.05029236560954734,-0.13752344231047336,-0.026743109670401638,-0.12034116532920652,-0.13502280722204563,-0.1407957109924607,-0.12635586766299034,0.004167443916987905,-0.12288540627927455,0.27388854664074874,1.0,0.2749406069606163,-0.013687847119354602,-0.06433473914699661,0.10090955682317071,0.0016393276449199374,-0.026092961620413347],[-0.026836563990240477,-0.03595333040655486,-0.1235428651479291,-0.041943967601931316,-0.03575760694060087,-0.13768003175601173,-0.11366009390611927,-0.13620363146617773,-0.07522842915508218,-0.06866764265138246,-0.0704903958277968,-0.05332505053688142,-0.01648274951308365,0.18609324947448816,0.2749406069606163,1.0,0.08409902717939587,0.020263346685694263,0.08229365609834934,-0.07028457319998077,0.035175036461672075],[-0.019796108628969026,-0.015504484350758954,-0.030027008148084785,-0.018599965416877362,-0.02650144546765618,-0.02320141175763832,-0.026495686728882178,-0.009296150377558973,-0.007403238410702786,-0.005818620165127776,-0.0097809021478627,-0.013156780198271323,0.003391789840011819,-0.022549824487650454,-0.013687847119354602,0.08409902717939587,1.0,-0.00023690188189644823,0.06462682295721746,-0.05773430654249642,0.03555603388640914],[-0.010569303919174104,-0.01336662307153566,0.047985433774248076,0.0012843922432866377,0.0036838932567647017,0.09610119243712009,-0.10641316427772914,0.09644911088668057,0.09704330098747355,0.06515252189158328,0.09026344721548915,-0.15354970358961995,0.07066570465803755,0.054621135656625075,-0.06433473914699661,0.020263346685694263,-0.00023690188189644823,1.0,0.050157539743265124,0.09542840700188546,-0.08300344974980695],[0.01842288381064682,0.001540366478923467,-0.03256898920665446,0.016008495501385497,0.02354635914019846,0.012419377637774108,-0.06450172577657741,0.00397623788495111,0.03705207419334514,0.03955396828523091,0.031768374666373306,-0.05899868883469717,0.07264055229657986,0.07254348923853525,0.10090955682317071,0.08229365609834934,0.06462682295721746,0.050157539743265124,1.0,-0.01481301469879565,-0.022100083367757838],[0.03453904181798891,0.05522905017844625,0.10963129505406673,0.03954085546602046,0.031071851698822484,0.10692247840318898,0.049282576922958427,0.1311040046647621,0.080378897999977,0.08187072179921297,0.07607842903384847,0.00771463345537562,0.03766742356339235,0.006369843440838003,0.0016393276449199374,-0.07028457319998077,-0.05773430654249642,0.09542840700188546,-0.01481301469879565,1.0,-0.08617979553982616],[-0.022622861437488578,-0.033201202340933114,-0.06874618195568992,-0.035312544124733655,-0.02675131231206317,-0.04192747167028672,-0.09568306896864276,-0.028696523494560484,-0.015421904614061918,-0.017740332579727312,-0.026394585469752894,-0.07829890499136771,0.012521235994190276,0.01014166988486028,-0.026092961620413347,0.035175036461672075,0.03555603388640914,-0.08300344974980695,-0.022100083367757838,-0.08617979553982616,1.0]],"type":"heatmap","xaxis":"x","yaxis":"y","hovertemplate":"asset_id: %{x}\u003cbr\u003easset_id: %{y}\u003cbr\u003ecolor: %{z}\u003cextra\u003e\u003c\u002fextra\u003e"}],                        {"template":{"data":{"histogram2dcontour":[{"type":"histogram2dcontour","colorbar":{"outlinewidth":0,"ticks":""},"colorscale":[[0.0,"#0d0887"],[0.1111111111111111,"#46039f"],[0.2222222222222222,"#7201a8"],[0.3333333333333333,"#9c179e"],[0.4444444444444444,"#bd3786"],[0.5555555555555556,"#d8576b"],[0.6666666666666666,"#ed7953"],[0.7777777777777778,"#fb9f3a"],[0.8888888888888888,"#fdca26"],[1.0,"#f0f921"]]}],"choropleth":[{"type":"choropleth","colorbar":{"outlinewidth":0,"ticks":""}}],"histogram2d":[{"type":"histogram2d","colorbar":{"outlinewidth":0,"ticks":""},"colorscale":[[0.0,"#0d0887"],[0.1111111111111111,"#46039f"],[0.2222222222222222,"#7201a8"],[0.3333333333333333,"#9c179e"],[0.4444444444444444,"#bd3786"],[0.5555555555555556,"#d8576b"],[0.6666666666666666,"#ed7953"],[0.7777777777777778,"#fb9f3a"],[0.8888888888888888,"#fdca26"],[1.0,"#f0f921"]]}],"heatmap":[{"type":"heatmap","colorbar":{"outlinewidth":0,"ticks":""},"colorscale":[[0.0,"#0d0887"],[0.1111111111111111,"#46039f"],[0.2222222222222222,"#7201a8"],[0.3333333333333333,"#9c179e"],[0.4444444444444444,"#bd3786"],[0.5555555555555556,"#d8576b"],[0.6666666666666666,"#ed7953"],[0.7777777777777778,"#fb9f3a"],[0.8888888888888888,"#fdca26"],[1.0,"#f0f921"]]}],"heatmapgl":[{"type":"heatmapgl","colorbar":{"outlinewidth":0,"ticks":""},"colorscale":[[0.0,"#0d0887"],[0.1111111111111111,"#46039f"],[0.2222222222222222,"#7201a8"],[0.3333333333333333,"#9c179e"],[0.4444444444444444,"#bd3786"],[0.5555555555555556,"#d8576b"],[0.6666666666666666,"#ed7953"],[0.7777777777777778,"#fb9f3a"],[0.8888888888888888,"#fdca26"],[1.0,"#f0f921"]]}],"contourcarpet":[{"type":"contourcarpet","colorbar":{"outlinewidth":0,"ticks":""}}],"contour":[{"type":"contour","colorbar":{"outlinewidth":0,"ticks":""},"colorscale":[[0.0,"#0d0887"],[0.1111111111111111,"#46039f"],[0.2222222222222222,"#7201a8"],[0.3333333333333333,"#9c179e"],[0.4444444444444444,"#bd3786"],[0.5555555555555556,"#d8576b"],[0.6666666666666666,"#ed7953"],[0.7777777777777778,"#fb9f3a"],[0.8888888888888888,"#fdca26"],[1.0,"#f0f921"]]}],"surface":[{"type":"surface","colorbar":{"outlinewidth":0,"ticks":""},"colorscale":[[0.0,"#0d0887"],[0.1111111111111111,"#46039f"],[0.2222222222222222,"#7201a8"],[0.3333333333333333,"#9c179e"],[0.4444444444444444,"#bd3786"],[0.5555555555555556,"#d8576b"],[0.6666666666666666,"#ed7953"],[0.7777777777777778,"#fb9f3a"],[0.8888888888888888,"#fdca26"],[1.0,"#f0f921"]]}],"mesh3d":[{"type":"mesh3d","colorbar":{"outlinewidth":0,"ticks":""}}],"scatter":[{"fillpattern":{"fillmode":"overlay","size":10,"solidity":0.2},"type":"scatter"}],"parcoords":[{"type":"parcoords","line":{"colorbar":{"outlinewidth":0,"ticks":""}}}],"scatterpolargl":[{"type":"scatterpolargl","marker":{"colorbar":{"outlinewidth":0,"ticks":""}}}],"bar":[{"error_x":{"color":"#2a3f5f"},"error_y":{"color":"#2a3f5f"},"marker":{"line":{"color":"white","width":0.5},"pattern":{"fillmode":"overlay","size":10,"solidity":0.2}},"type":"bar"}],"scattergeo":[{"type":"scattergeo","marker":{"colorbar":{"outlinewidth":0,"ticks":""}}}],"scatterpolar":[{"type":"scatterpolar","marker":{"colorbar":{"outlinewidth":0,"ticks":""}}}],"histogram":[{"marker":{"pattern":{"fillmode":"overlay","size":10,"solidity":0.2}},"type":"histogram"}],"scattergl":[{"type":"scattergl","marker":{"colorbar":{"outlinewidth":0,"ticks":""}}}],"scatter3d":[{"type":"scatter3d","line":{"colorbar":{"outlinewidth":0,"ticks":""}},"marker":{"colorbar":{"outlinewidth":0,"ticks":""}}}],"scattermapbox":[{"type":"scattermapbox","marker":{"colorbar":{"outlinewidth":0,"ticks":""}}}],"scatterternary":[{"type":"scatterternary","marker":{"colorbar":{"outlinewidth":0,"ticks":""}}}],"scattercarpet":[{"type":"scattercarpet","marker":{"colorbar":{"outlinewidth":0,"ticks":""}}}],"carpet":[{"aaxis":{"endlinecolor":"#2a3f5f","gridcolor":"#C8D4E3","linecolor":"#C8D4E3","minorgridcolor":"#C8D4E3","startlinecolor":"#2a3f5f"},"baxis":{"endlinecolor":"#2a3f5f","gridcolor":"#C8D4E3","linecolor":"#C8D4E3","minorgridcolor":"#C8D4E3","startlinecolor":"#2a3f5f"},"type":"carpet"}],"table":[{"cells":{"fill":{"color":"#EBF0F8"},"line":{"color":"white"}},"header":{"fill":{"color":"#C8D4E3"},"line":{"color":"white"}},"type":"table"}],"barpolar":[{"marker":{"line":{"color":"white","width":0.5},"pattern":{"fillmode":"overlay","size":10,"solidity":0.2}},"type":"barpolar"}],"pie":[{"automargin":true,"type":"pie"}]},"layout":{"autotypenumbers":"strict","colorway":["#636efa","#EF553B","#00cc96","#ab63fa","#FFA15A","#19d3f3","#FF6692","#B6E880","#FF97FF","#FECB52"],"font":{"color":"#2a3f5f"},"hovermode":"closest","hoverlabel":{"align":"left"},"paper_bgcolor":"white","plot_bgcolor":"white","polar":{"bgcolor":"white","angularaxis":{"gridcolor":"#EBF0F8","linecolor":"#EBF0F8","ticks":""},"radialaxis":{"gridcolor":"#EBF0F8","linecolor":"#EBF0F8","ticks":""}},"ternary":{"bgcolor":"white","aaxis":{"gridcolor":"#DFE8F3","linecolor":"#A2B1C6","ticks":""},"baxis":{"gridcolor":"#DFE8F3","linecolor":"#A2B1C6","ticks":""},"caxis":{"gridcolor":"#DFE8F3","linecolor":"#A2B1C6","ticks":""}},"coloraxis":{"colorbar":{"outlinewidth":0,"ticks":""}},"colorscale":{"sequential":[[0.0,"#0d0887"],[0.1111111111111111,"#46039f"],[0.2222222222222222,"#7201a8"],[0.3333333333333333,"#9c179e"],[0.4444444444444444,"#bd3786"],[0.5555555555555556,"#d8576b"],[0.6666666666666666,"#ed7953"],[0.7777777777777778,"#fb9f3a"],[0.8888888888888888,"#fdca26"],[1.0,"#f0f921"]],"sequentialminus":[[0.0,"#0d0887"],[0.1111111111111111,"#46039f"],[0.2222222222222222,"#7201a8"],[0.3333333333333333,"#9c179e"],[0.4444444444444444,"#bd3786"],[0.5555555555555556,"#d8576b"],[0.6666666666666666,"#ed7953"],[0.7777777777777778,"#fb9f3a"],[0.8888888888888888,"#fdca26"],[1.0,"#f0f921"]],"diverging":[[0,"#8e0152"],[0.1,"#c51b7d"],[0.2,"#de77ae"],[0.3,"#f1b6da"],[0.4,"#fde0ef"],[0.5,"#f7f7f7"],[0.6,"#e6f5d0"],[0.7,"#b8e186"],[0.8,"#7fbc41"],[0.9,"#4d9221"],[1,"#276419"]]},"xaxis":{"gridcolor":"#EBF0F8","linecolor":"#EBF0F8","ticks":"","title":{"standoff":15},"zerolinecolor":"#EBF0F8","automargin":true,"zerolinewidth":2},"yaxis":{"gridcolor":"#EBF0F8","linecolor":"#EBF0F8","ticks":"","title":{"standoff":15},"zerolinecolor":"#EBF0F8","automargin":true,"zerolinewidth":2},"scene":{"xaxis":{"backgroundcolor":"white","gridcolor":"#DFE8F3","linecolor":"#EBF0F8","showbackground":true,"ticks":"","zerolinecolor":"#EBF0F8","gridwidth":2},"yaxis":{"backgroundcolor":"white","gridcolor":"#DFE8F3","linecolor":"#EBF0F8","showbackground":true,"ticks":"","zerolinecolor":"#EBF0F8","gridwidth":2},"zaxis":{"backgroundcolor":"white","gridcolor":"#DFE8F3","linecolor":"#EBF0F8","showbackground":true,"ticks":"","zerolinecolor":"#EBF0F8","gridwidth":2}},"shapedefaults":{"line":{"color":"#2a3f5f"}},"annotationdefaults":{"arrowcolor":"#2a3f5f","arrowhead":0,"arrowwidth":1},"geo":{"bgcolor":"white","landcolor":"white","subunitcolor":"#C8D4E3","showland":true,"showlakes":true,"lakecolor":"white"},"title":{"x":0.05},"mapbox":{"style":"light"}}},"xaxis":{"anchor":"y","domain":[0.0,1.0],"scaleanchor":"y","constrain":"domain","title":{"text":"asset_id"}},"yaxis":{"anchor":"x","domain":[0.0,1.0],"autorange":"reversed","constrain":"domain","title":{"text":"asset_id"}},"coloraxis":{"colorscale":[[0.0,"rgb(103,0,31)"],[0.1,"rgb(178,24,43)"],[0.2,"rgb(214,96,77)"],[0.3,"rgb(244,165,130)"],[0.4,"rgb(253,219,199)"],[0.5,"rgb(247,247,247)"],[0.6,"rgb(209,229,240)"],[0.7,"rgb(146,197,222)"],[0.8,"rgb(67,147,195)"],[0.9,"rgb(33,102,172)"],[1.0,"rgb(5,48,97)"]],"cmin":-1,"cmax":1},"title":{"text":"Matrice de corr\u00e9lation des actifs optimisables"},"margin":{"l":40,"r":30,"t":80,"b":60},"legend":{"title":{"text":""}},"height":650},                        {"responsive": true}                    )                };                            </script>        </div>
</body>
</html>